0.220735 -0.354609
0.739691 -0.017071
-0.890058 -0.248511
-0.340806 0.483317
-0.778638 -0.145367
0.898788 0.458071
0.645617 -0.402059
-0.014155 0.193286
0.596654 -0.280697
0.022317 0.027876
-0.297149 0.424558
-0.190523 0.239957
-0.007950 0.078728
0.043709 -0.225883
-0.627129 0.208393
0.324405 -0.368983
-0.576553 0.254494
0.731797 -0.078290
0.245653 -0.407007
-0.690367 0.350882
-0.766641 0.140961
-0.107562 0.199924
-0.859010 -0.424107
0.819042 0.147228
-0.709466 0.156692
-0.509100 0.505484
0.564070 -0.365178
0.126956 -0.217454
-0.975141 -0.968143
0.216886 -0.284914
0.378169 -0.383385
0.065579 0.053307
-0.756522 0.019572
0.052025 -0.190555
-0.447963 0.420197
0.551487 -0.328425
0.248357 -0.361428
-0.641024 0.402100
0.247625 -0.208931
-0.221097 0.262193
0.230972 -0.346549
0.472871 -0.358841
-0.074134 -0.005282
0.435177 -0.242299
0.509374 -0.403434
0.902987 0.511952
0.681538 -0.193776
-0.434071 0.501495
0.051280 -0.153577
0.300838 -0.155815
-0.173742 0.212616
-0.521009 0.234000
0.980310 0.832859
-0.523551 0.412965
0.962418 0.940239
0.431333 -0.412067
-0.366638 0.431283
0.220832 -0.300102
-0.660364 0.260605
0.406215 -0.459966
-0.574735 0.516148
0.936298 0.523824
-0.383246 0.399938
-0.658717 0.271446
-0.124179 0.106274
0.131083 -0.268951
-0.825904 -0.064992
0.545148 -0.344083
-0.339643 0.310038
-0.914595 -0.392176
0.258865 -0.559400
0.450423 -0.398345
0.987496 1.000000
0.995015 1.000000
-0.313503 0.211988
-0.983236 -0.853425
0.218719 -0.291087
-0.958645 -0.747327
-0.380603 0.433231
-0.292051 0.389315
-0.378273 0.437621
-0.079097 0.081988
-0.423466 0.462945
-0.901227 -0.571000
0.891941 0.406871
0.125857 -0.274880
-0.181829 0.169903
-0.229772 0.196265
0.163912 -0.132066
-0.197980 0.293436
0.779365 -0.086585
0.889805 0.340825
0.638085 -0.289039
0.517153 -0.271324
-0.996055 -0.986389
0.343833 -0.447635
-0.408579 0.530048
0.492040 -0.322599
-0.623618 0.607106
0.183507 -0.211930
