-0.186799 0.337948
-0.770305 0.088287
0.379416 -0.365335
0.187561 -0.369243
0.557228 -0.424599
0.337546 -0.429741
0.258267 -0.260180
-0.538977 0.450247
0.861271 0.277431
0.304571 -0.441798
0.735556 0.066331
0.335819 -0.409115
0.169400 -0.275520
0.463157 -0.445379
-0.612706 0.430427
0.193898 -0.386927
0.873574 0.321786
0.509231 -0.389774
0.758123 -0.141830
-0.903350 -0.584847
0.587042 -0.250729
-0.672977 0.254191
0.231276 -0.253288
-0.915657 -0.509529
0.508154 -0.399841
-0.925029 -0.533219
0.175864 -0.214268
0.790240 0.011177
0.071827 -0.131504
-0.867745 -0.429385
-0.629102 0.267602
-0.921395 -0.610569
-0.558077 0.460195
-0.627254 0.209739
0.448700 -0.528746
0.529234 -0.574783
0.976511 0.937312
-0.564650 0.575413
-0.848500 -0.519271
0.572424 -0.424095
0.973584 0.835137
0.903802 0.467033
0.067788 -0.290342
0.238520 -0.346575
-0.373940 0.333964
0.432407 -0.351090
-0.452471 0.545430
0.894466 0.462441
-0.037049 -0.139386
-0.496617 0.479875
0.445002 -0.328368
0.670970 -0.174913
0.174252 -0.418168
0.867048 0.169914
0.154012 -0.266514
0.748597 0.051059
-0.600331 0.338650
-0.255054 0.265275
-0.249620 0.428007
-0.958648 -1.000000
-0.172019 0.340578
0.361723 -0.393689
-0.022555 0.049805
0.168057 -0.263122
-0.288943 0.378523
-0.634090 0.505862
0.641137 -0.279372
-0.200930 0.279236
-0.994303 -0.877755
-0.306899 0.286616
-0.249823 0.405327
-0.951487 -0.680589
-0.781659 0.000807
0.298098 -0.427595
0.839741 -0.055750
0.004849 0.080721
-0.033015 0.079206
0.899239 0.565705
0.367684 -0.306770
-0.842062 -0.101554
0.252183 -0.201361
0.199629 -0.164146
-0.277536 0.323865
-0.992207 -1.000000
0.157495 -0.136638
0.114839 -0.261209
-0.690344 0.321281
0.006487 0.033760
0.921813 0.238147
0.311122 -0.460466
0.803948 0.142052
-0.462491 0.462751
0.561250 -0.367705
-0.906055 -0.598410
-0.061613 0.011494
0.991876 0.956107
0.884401 0.302451
-0.847937 -0.474978
0.329456 -0.365407
-0.891708 -0.404100
